interface(quiet=true):
 FlagManifold:=[2, 3, 5]:
Problems:=[
 ["X^5Y^3", 10, [[[1, 3, 2, 4, 5], 5, "X"], [[1, 2, 4, 3, 5], 3, "Y"]]],
 ["X^4Y^4", 12, [[[1, 3, 2, 4, 5], 4, "X"], [[1, 2, 4, 3, 5], 4, "Y"]]],
 ["X^3Y^5", 10, [[[1, 3, 2, 4, 5], 3, "X"], [[1, 2, 4, 3, 5], 5, "Y"]]],
 ["X11X^3Y^3", 4, [[[2, 3, 1, 4, 5], 1, "X11"], [[1, 3, 2, 4, 5], 3, "X"], [[1, 2, 4, 3, 5], 3, "Y"]]],
 ["X11X^2Y^4", 5, [[[2, 3, 1, 4, 5], 1, "X11"], [[1, 3, 2, 4, 5], 2, "X"], [[1, 2, 4, 3, 5], 4, "Y"]]],
 ["X11XY^5", 5, [[[2, 3, 1, 4, 5], 1, "X11"], [[1, 3, 2, 4, 5], 1, "X"], [[1, 2, 4, 3, 5], 5, "Y"]]],
 ["X2X^3Y^3", 6, [[[1, 4, 2, 3, 5], 1, "X2"], [[1, 3, 2, 4, 5], 3, "X"], [[1, 2, 4, 3, 5], 3, "Y"]]],
 ["X2X^2Y^4", 7, [[[1, 4, 2, 3, 5], 1, "X2"], [[1, 3, 2, 4, 5], 2, "X"], [[1, 2, 4, 3, 5], 4, "Y"]]],
 ["X^4Y11Y^2", 7, [[[1, 3, 2, 4, 5], 4, "X"], [[1, 3, 4, 2, 5], 1, "Y11"], [[1, 2, 4, 3, 5], 2, "Y"]]],
 ["X^3Y11Y^3", 6, [[[1, 3, 2, 4, 5], 3, "X"], [[1, 3, 4, 2, 5], 1, "Y11"], [[1, 2, 4, 3, 5], 3, "Y"]]],
 ["X^5Y2Y", 5, [[[1, 3, 2, 4, 5], 5, "X"], [[1, 2, 5, 3, 4], 1, "Y2"], [[1, 2, 4, 3, 5], 1, "Y"]]],
 ["X^4Y2Y^2", 5, [[[1, 3, 2, 4, 5], 4, "X"], [[1, 2, 5, 3, 4], 1, "Y2"], [[1, 2, 4, 3, 5], 2, "Y"]]],
 ["X^3Y2Y^3", 4, [[[1, 3, 2, 4, 5], 3, "X"], [[1, 2, 5, 3, 4], 1, "Y2"], [[1, 2, 4, 3, 5], 3, "Y"]]],
 ["X11^2Y^4", 3, [[[2, 3, 1, 4, 5], 2, "X11"], [[1, 2, 4, 3, 5], 4, "Y"]]],
 ["X2^2XY^3", 4, [[[1, 4, 2, 3, 5], 2, "X2"], [[1, 3, 2, 4, 5], 1, "X"], [[1, 2, 4, 3, 5], 3, "Y"]]],
 ["X11X^2Y11Y^2", 3, [[[2, 3, 1, 4, 5], 1, "X11"], [[1, 3, 2, 4, 5], 2, "X"], [[1, 3, 4, 2, 5], 1, "Y11"], [[1, 2, 4, 3, 5], 2, "Y"]]],
 ["X11XY11Y^3", 3, [[[2, 3, 1, 4, 5], 1, "X11"], [[1, 3, 2, 4, 5], 1, "X"], [[1, 3, 4, 2, 5], 1, "Y11"], [[1, 2, 4, 3, 5], 3, "Y"]]],
 ["X2X^2Y11Y^2", 4, [[[1, 4, 2, 3, 5], 1, "X2"], [[1, 3, 2, 4, 5], 2, "X"], [[1, 3, 4, 2, 5], 1, "Y11"], [[1, 2, 4, 3, 5], 2, "Y"]]],
 ["X^3Y11^2Y", 4, [[[1, 3, 2, 4, 5], 3, "X"], [[1, 3, 4, 2, 5], 2, "Y11"], [[1, 2, 4, 3, 5], 1, "Y"]]],
 ["X2X^3Y2Y", 3, [[[1, 4, 2, 3, 5], 1, "X2"], [[1, 3, 2, 4, 5], 3, "X"], [[1, 2, 5, 3, 4], 1, "Y2"], [[1, 2, 4, 3, 5], 1, "Y"]]],
 ["X2X^2Y2Y^2", 3, [[[1, 4, 2, 3, 5], 1, "X2"], [[1, 3, 2, 4, 5], 2, "X"], [[1, 2, 5, 3, 4], 1, "Y2"], [[1, 2, 4, 3, 5], 2, "Y"]]],
 ["X^4Y2^2", 3, [[[1, 3, 2, 4, 5], 4, "X"], [[1, 2, 5, 3, 4], 2, "Y2"]]],
 ["X21X^2Y^3", 4, [[[2, 4, 1, 3, 5], 1, "X21"], [[1, 3, 2, 4, 5], 2, "X"], [[1, 2, 4, 3, 5], 3, "Y"]]],
 ["X21XY^4", 5, [[[2, 4, 1, 3, 5], 1, "X21"], [[1, 3, 2, 4, 5], 1, "X"], [[1, 2, 4, 3, 5], 4, "Y"]]],
 ["X^4Y21Y", 5, [[[1, 3, 2, 4, 5], 4, "X"], [[1, 3, 5, 2, 4], 1, "Y21"], [[1, 2, 4, 3, 5], 1, "Y"]]],
 ["X^3Y21Y^2", 4, [[[1, 3, 2, 4, 5], 3, "X"], [[1, 3, 5, 2, 4], 1, "Y21"], [[1, 2, 4, 3, 5], 2, "Y"]]],
 ["X21XY11Y^2", 3, [[[2, 4, 1, 3, 5], 1, "X21"], [[1, 3, 2, 4, 5], 1, "X"], [[1, 3, 4, 2, 5], 1, "Y11"], [[1, 2, 4, 3, 5], 2, "Y"]]],
 ["X2X^2Y21Y", 3, [[[1, 4, 2, 3, 5], 1, "X2"], [[1, 3, 2, 4, 5], 2, "X"], [[1, 3, 5, 2, 4], 1, "Y21"], [[1, 2, 4, 3, 5], 1, "Y"]]],
 NULL]:
 nops(Problems);
 # Time of computation:=0.72:
