W^6W21^2: 
2
W^7W2W21: 
17
W^9W21: 
W^6W21^2: 
17
W^7W2W21: 
110
W^9W21: 
1560
W^12: 

Traceback (most recent call last):                                                                                                                                                                                                           
  File "try1.py", line 203, in <module>                                                                                                                                                                                                      
    subprocess.check_output(['Singular', 'schubert_template.sing'])                                                                                                                                                                          
  File "/usr/lib/python2.7/subprocess.py", line 544, in check_output                                                                                                                                                                         
    raise CalledProcessError(retcode, cmd, output=output)                                                                                                                                                                                    
subprocess.CalledProcessError: Command '['Singular', 'schubert_template.sing']' returned non-zero exit status -15 
W^6W21^2: 
4
4
14
5
17
12
15
26
12
6
3
9
11
1
1
5
0
0
2
2
14
19
13
5
6
5
19
28
1
6
4
2
3
9
12
1
3
11
4
3
4
17
5
12
12
30
5
4
7
14
10
2
4
1
2
4
5
6
6
25
14
8
2
5
18
3
6
10
4
3
20
3
7
13
22
6
5
1
9
2
6
15
28
36
2
6
5
2
1
17
0
2
2
2
5
21
2
6
4
1
1
4
8
5
13
12
10
8
2
6
13
10
14
3
10
15
15
1
4
13
2
3
1
5
20
7
2
7
6
0
0
7
14
2
2
1
1
17
7
15
2
9
5
8
7
2
0
0
0
2
5
11
19
13
20
7
4
3
6
1
10
3
23
5
23
16
14
5
1
24
1
5
2
7
17
10
1
1
10
1
3
7
2
5
2
1
1
5
4
7
5
5
2
14
12
18
8
26
9
3
6
15
3
6
7
3
7
1
3
28
4
10
13
5
0
3
2
0
0
0
1
8
16
6
6
12
1
1
24
17
21
11
2
5
13
53
14
18
10
13
1
14
18
2
1
3
22
12
0
0
3
14
1
24
10
1
2
6
9
4
1
2
2
22
1
8
2
14
4
17
12
25
13
1
0
1
1
4
14
2
4
3
7
3
3
2
2
8
8
2
11
12
3
7
14
6
8
7
56
6
7
4
7
1
3
13
27
9
9
3
13
9
1
1
2
15
8
18
2
11
4
14
9
1
1
3
3
20
5
20
7
8
3
12
15
5
1
18
31
1
32
25
5
9
9
5
1
23
4
7
2
1
6
4
2
6
4
10
13
2
3
8
5
6
1
1
13
17
1
2
19
11
2
1
5
3
5
17
3
17
5
14
8
1
6
21
8
11
9
8
22
0
0
6
1
1
2
4
15
1
8
1
1
12
4
22
4
1
18
25
10
18
17
9
3
1
4
9
5
2
2
10
5
2
18
4
26
4
2
13
16
22
10
15
6
1
1
8
13
3
18
25
4
0
0
7
8
4
2
8
2
2
3
12
0
4
4
20
5
4
1
1
4
1
3
1
2
11
7
9
5
1
2
1
1
1
1
33
7
12
3
17
4
3
1
1
11
16
0
0
9
1
1
2
12
3
1
25
3
3
18
4
2
3
5
2
2
2
4
6
2
1
2
2
6
5
4
11
2
7
14
3
2
1
21
11
9
7
3
14
3
6
6
22
3
12
9
1
6
3
4
2
7
2
9
6
0
7
22
4
5
5
1
10
6
8
8
6
1
11
11
3
13
6
3
17
1
3
12
2
44
1
10
3
3
4
1
12
3
31
10
15
2
7
5
24
13
2
2
16
3
3
2
11
6
8
4
8
22
12
2
8
3
19
6
3
2
3
3
12
2
6
5
2
8
45
12
1
7
16
4
10
0
3
15
13
10
5
33
11
20
2
10
5
12
3
5
8
6
6
22
3
18
4
6
6
5
8
1
7
10
10
4
13
5
6
7
8
23
10
3
2
2
8
1
18
12
2
16
18
8
1
15
8
1
2
3
3
6
12
22
29
8
10
3
5
16
12
4
1
1
12
10
1
5
5
21
11
1
3
12
3
11
2
12
1
24
6
1
23
6
8
5
4
3
5
3
5
5
14
13
4
5
3
1
11
6
21
7
9
14
8
27
12
1
2
5
1
25
9
37
0
0
0
5
15
1
10
4
1
1
18
4
5
19
4
5
0
6
5
2
13
6
3
1
6
16
4
2
3
8
5
31
3
18
1
6
2
22
22
20
9
1
3
7
4
9
14
17
18
2
13
1
1
9
3
12
2
6
12
13
12
2
7
1
14
1
4
11
14
17
4
16
11
12
1
1
6
2
7
13
1
23
3
8
3
0
16
33
13
9
5
2
26
1
20
3
1
8
1
15
3
3
1
3
3
5
14
15
1
12
1
3
16
9
1
25
5
1
10
9
2
1
3
1
7
2
2
4
3
3
4
3
7
0
1
1
2
1
1
7
2
2
4
15
8
10
9
9
6
3
23
8
16
5
5
14
3
9
12
3
8
12
2
26
4
5
7
39
2
3
24
4
2
1
2
2
3
4
8
5
7
3
19
1
1
4
11
7
9
1
6
7
0
0
0
4
1
7
3
8
5
3
12
10
17
32
13
2
10
2
9
1
8
10
6
1
10
13
6
3
1
3
3
2
2
0
2
19
1
12
8
15
10
8
5
7
11
2
19
1
3
7
1
10
1
7
3
11
6
3
2
2
2
19
8
3
8
5
6
W^7W2W21: 
65
25
14
31
21
62
76
21
96
39
30
92
24
6
34
136
91
79
71
49
32
208
63
51
45
16
73
93
112
71
144
17
55
34
151
34
147
3
5
21
38
25
54
164
38
68
25
54
150
44
19
53
19
22
146
59
18
30
29
198
49
44
28
124
18
94
46
44
19
3
26
29
10
69
70
174
48
